hitori_5x5_simple = [
    [5, 4, 4, 1, 1],
    [3, 4, 1, 3, 5],
    [1, 1, 4, 4, 3],
    [4, 5, 2, 3, 1],
    [1, 1, 3, 4, 4]
]

hitori_5x5_hard = [
    [1, 5, 3, 5, 2],
    [5, 4, 1, 2, 5],
    [2, 5, 4, 3, 3],
    [5, 3, 5, 1, 4],
    [3, 2, 5, 3, 2]
]

hitori_8x8_wikipedia = [
    [4, 8, 1, 6, 3, 2, 5, 7],
    [3, 6, 7, 2, 1, 6, 5, 4],
    [2, 3, 4, 8, 2, 8, 6, 1],
    [4, 1, 6, 5, 7, 7, 3, 5],
    [7, 2, 3, 1, 8, 5, 1, 2],
    [3, 5, 6, 7, 3, 1, 8, 4],
    [6, 4, 2, 3, 5, 4, 7, 8],
    [8, 7, 1, 4, 2, 3, 5, 6]
]

hitori_10x10_hard = [
    [10,  8,  1,  9,  3, 10,  4,  1,  9,  6],
    [ 4,  6,  6,  9,  2, 10,  7,  8,  3,  7],
    [ 5,  7, 10,  5,  4,  3,  5,  9,  8,  5],
    [ 3,  1,  5,  8,  1,  2,  1,  6,  1,  4],
    [ 6,  4, 10, 10,  1,  6,  2,  6,  5,  6],
    [10,  3,  2,  1, 10,  7, 10,  5,  4,  8],
    [ 7,  9,  8,  9,  5,  9,  3,  1,  9,  2],
    [10,  6, 10,  3, 10,  1, 10,  4,  2, 10],
    [ 8,  2,  4,  5,  6,  6,  9,  2,  1,  3],
    [ 6,  1,  6,  4,  8,  9,  6,  7,  6,  6],
]

hitori_12x12_simple = [
    [ 4,  8,  1, 10,  2,  3, 11, 10,  3,  8,  6, 11],
    [ 6, 11,  3,  4, 10,  2,  9,  2,  8, 12, 10,  5],
    [ 3,  5,  8, 10,  2,  2, 11, 11, 12,  8,  5, 12],
    [ 8, 12,  7,  9,  8, 11,  1,  6, 12,  9, 10,  4],
    [ 8, 10, 10,  1, 11,  6, 12,  8,  6,  7, 12,  2],
    [ 7,  3, 12,  5, 10,  1, 10,  4,  3, 11, 11,  8],
    [ 1,  5, 10,  6,  6,  9,  9, 11, 10,  4, 11, 12],
    [ 1,  3,  8,  9,  5, 10,  2,  8, 10,  1,  7,  7],
    [ 9, 11, 11,  6, 12, 10,  7,  3,  6,  5,  5,  7],
    [10,  9,  6,  4,  3,  3,  7,  6,  4, 11,  2,  1],
    [12, 12,  2,  7,  3,  8,  6,  5,  8,  3,  2, 10],
    [ 7,  8,  9,  1,  7,  6, 10,  1,  5, 10, 12,  5],
]


hitori_15x15_hard = [
    [11, 12,  4, 11, 11,  9,  6, 10, 14,  6,  5,  6,  8,  6,  3],
    [15,  7,  2, 12, 13,  9,  1,  5,  8, 10,  9,  4,  5, 11,  9],
    [ 4, 15,  8,  9,  8,  1,  4, 11,  7,  6, 13,  7,  2,  4,  5],
    [10,  9,  5,  9, 15,  7,  4,  3,  7, 14,  9,  2,  9, 13,  9],
    [11, 14,  2,  6,  2, 12, 15,  2,  5,  2, 10,  2,  4,  2,  1],
    [14, 13,  8,  7,  9,  2,  7, 15,  4,  1,  7,  5, 14, 12,  4],
    [ 9,  2, 10, 14,  1,  6,  5,  2, 15, 12,  6,  3, 11,  6,  7],
    [ 7,  3,  7,  2, 10,  5,  6,  7,  4,  6,  8, 12, 10,  1, 10],
    [14,  2,  6,  4,  5, 13,  9,  1,  3, 13, 12,  2, 10,  7,  8],
    [ 5,  6,  1,  5,  8, 14,  6, 12,  7, 11,  7,  8, 14, 10,  4],
    [ 5, 10,  5, 11,  4,  7,  2,  5,  1,  7,  6, 15,  9,  7, 13],
    [13,  2, 15, 10, 12,  6, 10,  9,  2,  5, 11,  2,  3,  8, 14],
    [ 2,  5,  2,  1,  2,  4,  8, 13,  6, 15,  2, 10,  2,  3, 12],
    [12,  2,  7, 15,  3, 15, 14,  6,  9,  4,  2,  9,  1,  5,  9],
    [ 8,  1,  2, 13,  8, 10, 12,  4, 11,  2,  3,  4,  5,  2, 15]
]

hitori_20x20_hard = [
    [17, 20, 17,  8, 16,  4,  7,  2,  7,  3, 11, 19, 17, 10, 16, 17, 14, 16, 11,  9],
    [17, 18,  7, 13, 20,  2, 14,  2, 15,  2,  5, 11, 16, 12,  9,  3, 11,  1,  8, 18],
    [11,  9, 15, 10, 12, 14, 12, 13,  5,  1, 12,  4, 15,  3, 15, 20, 17, 12,  7,  6],
    [ 8, 13, 11,  8,  5,  8,  9, 17,  8, 12,  3,  8, 19,  8,  2,  8,  1, 15, 10,  8],
    [ 4,  7, 12, 11,  4,  2, 16,  5,  3,  5,  6, 14, 12, 15, 13, 18,  4,  8,  5, 19],
    [ 5, 13, 20, 18,  9, 12, 13, 10, 18, 19,  7, 18,  2, 13,  4, 18,  6, 18, 17, 13],
    [ 5, 11, 14,  3,  8,  5, 20,  5,  9, 18, 14,  6, 12,  4,  5, 19,  7, 13,  5, 15],
    [ 6, 10,  8,  2,  4, 19, 11, 18, 13, 16, 15, 16,  1,  9, 20, 12, 20,  2, 14, 18],
    [ 9, 15,  4,  2,  4, 18, 15, 11, 15, 17, 15, 10,  5, 15,  7,  4,  8,  6,  4, 14],
    [17,  1, 19,  7, 11,  7,  6,  7,  4, 17, 10, 15,  7,  2, 17, 16,  5, 17,  9, 17],
    [ 3,  4,  4,  7, 19, 20,  5, 14,  8, 15, 12,  4, 17, 19,  1,  5, 16, 10,  4, 11],
    [18,  2,  3,  9,  3, 15, 17,  1, 18, 11,  8, 13, 18,  5, 18,  4,  3, 19, 20,  3],
    [19,  5, 13,  5,  1, 11,  5, 15, 16,  6,  5,  9,  8,  5,  10, 5, 18,  4,  5, 20],
    [20, 17, 16, 19, 18, 20,  1, 16, 18, 13, 14,  5,  3,  8, 14,  9, 10, 20,  4, 20],
    [ 8,  6,  1, 19, 14, 17, 14, 19, 12, 13, 11, 13, 20, 14,  5,  2,  8,  9, 13,  4],
    [ 1, 17,  5, 16, 15,  9,  2,  6, 17,  4, 17,  8,  9, 20, 14, 17, 13, 17, 12,  9],
    [14,  5, 10,  1, 10,  9, 19, 14,  7, 14, 17,  3,  4,  3, 12,  8,  3, 20,  3, 13],
    [14, 16, 17,  4, 13,  1, 10,  9, 19,  8,  4,  7,  4, 18, 16, 10, 11, 16,  2,  1],
    [16, 14, 18, 15, 18,  8,  5, 18, 17, 12, 20, 12, 13, 12, 11,  1, 12,  7,  6,  2],
    [13, 19, 16, 19,  2,  5,  4, 12, 14, 10,  4, 18,  5, 17, 19,  7, 20, 14, 15,  4]
]
